206749819 313
706405455 821
185699053 246
1134832688 244
36040783 242
18741793 321
72824493 543
49522996 212
68400904 523
27211922 212
84921230 531
129949003 622
353779599 213
389372084 221
355627859 246
60261918 311
302454737 511
156308295 355
60276020 341
16243984 113
22695176 213
1449023288 111
14949636 213
77211534 113
14670999 221
311507624 542
251428775 821
1244122722 412
243465323 223
405826456 125
87948171 242
1242418075 321
19018170 511
16949542 213
216646004 113
327420265 245
70955554 122
61561560 612
71595757 341
21337584 356
524475474 113
7315502 125
87483389 113
55029240 222
7898902 241
454126559 711
256037231 421
257392232 927
116015899 622
165140934 415
35163752 342
59749780 243
14187663 212
33278575 246
73768708 313
149960739 415
150127661 541
17408106 923
101842509 924
402116871 823
37034623 341
178169158 211
457656007 531
534622235 245
50553953 341
1496669612 313
63403004 524
120552290 211
86921288 524
213659079 113
636754709 355
2633711 212
22757063 331
83993082 511
17224679 543
23093847 543
41773351 612
16104080 531
1101460280 532
627828867 245
219896357 342
52183538 244
37054313 352
520802741 532
181488936 122
903356838 927
26081268 246
1840181210 621
36193531 532
473785705 924
133649917 211
67090361 222
59269956 111
76254814 542
288576094 113
283505199 523
434647947 311
1712989040 421
738317268 511
224295578 243
1348911890 421
279541206 312
1224101515 352
40852176 355
238993337 231
106467319 247
805869841 823
1409485627 544
362171735 111
480645775 711
20187481 247
588410803 341
21452531 211
269292277 125
283651713 247
16431735 544
117775010 214
314997136 246
140069290 312
34962078 243
469903763 243
191544160 246
46001274 222
38916012 341
264638123 222
46330223 242
113234873 246
15109677 524
336775280 125
1360454526 354
61633 813
101642144 354
47059477 122
18382684 111
142132930 523
41389607 821
339820815 122
308517410 531
267795075 543
8663902 813
125542530 311
369966798 211
71651125 221
47026904 331
17979038 211
1451476778 421
517888533 111
25333702 244
752314268 244
110139964 246
15250585 221
75789668 231
15466762 245
104310267 221
13841712 212
150432519 612
19067876 522
1000039248 532
13120082 246
461647353 221
108369602 421
16642234 242
744894062 612
1295292668 511
340331600 214
83181660 542
327466772 223
19251067 211
392856768 622
32255402 242
486582290 113
200846819 312
16365198 213
23166480 211
14919375 213
285653154 247
1656037064 927
26981693 923
378950946 241
28114792 543
636545684 511
280952777 927
463935346 221
184757367 122
54207127 342
2253607832 354
873227323 313
81911491 313
16813119 421
112292072 711
21528270 321
503256355 522
288363942 415
201332618 211
20099265 341
323535102 532
224218174 247
38203764 122
1401261 244
179982510 245
500811898 223
19544641 222
95064251 113
134045494 531
64230414 311
722533 813
27919892 111
37718193 244
73430108 125
99260540 213
113611014 353
306297221 612
125311569 711
462219611 511
344905162 544
21903854 621
558554503 342
24171146 111
115158614 231
314762530 541
55638388 241
173865294 543
369028412 612
8273 242
64422425 312
31685921 622
1589586511 544
479644360 111
223235300 622
210209844 211
6690382 313
339203049 311
251245954 522
26197030 125
755768 415
112607220 541
262207855 542
40237359 246
386045800 221
257113540 821
226396716 311
29156338 354
9961892 213
589043812 614
47627545 321
35249071 111
310244604 246
265721748 223
321026054 622
37573529 321
69696145 245
255382996 221
16332435 111
14668528 125
218677733 111
20423758 245
306999014 542
83503806 214
233409410 247
329552624 353
19105391 243
155677853 356
21654739 211
173836724 541
9598312 544
256055543 125
21737196 711
16316215 927
202133442 543
17691626 244
180756661 823
234842337 313
495069234 544
36456853 621
15013248 421
17425061 222
214568192 211
16561040 312
17627923 231
17164609 212
525928996 113
180440701 221
295741015 823
15299495 511
151275528 415
17173385 313
753976494 542
345906196 311
22016311 245
371004340 511
65392349 223
522973696 511
103365916 214
5685842 213
2341569376 311
173422636 313
115524710 542
495517545 246
149880195 523
200118480 246
11091402 313
325038941 543
19269605 412
58910079 415
15029168 213
380670371 421
176983476 222
979523292 544
17428490 111
29875653 813
135064560 247
318948935 544
1233202375 355
363481197 541
18560670 542
42789804 342
38837768 331
202621304 531
30715756 924
65444827 113
14516685 621
7074962 246
138117356 221
14749536 113
15169857 313
54765051 543
128669747 531
14426935 113
37931860 312
1880558749 214
261834903 711
281320306 531
419816368 245
14802508 352
18489879 246
110370485 524
139041421 211
115265486 246
19917556 421
455895286 223
503687869 244
23245842 312
159649419 221
84097821 222
460069113 242
70720218 223
291144899 524
22927820 622
18994582 352
59832288 245
25809928 544
18508354 542
34242760 543
33493 213
97228468 213
479921181 122
86901083 354
52580204 341
124527641 342
335237385 245
16387831 113
323264935 532
203489027 213
1713535650 531
90849534 211
176418719 923
18595894 321
16098578 247
20462308 312
284573470 245
281782527 353
2173101619 821
106300748 211
61222995 242
18961764 113
104820731 244
164512659 622
48462498 541
224651220 247
269069924 243
119455170 522
2148861861 821
62771219 821
28979933 243
226000115 241
178668890 214
304865316 331
48817631 711
1267678765 621
306570759 352
1605069612 223
19981227 241
569986522 354
1443665402 544
407384468 213
18522902 244
141433605 312
21658084 113
22942662 122
261423106 311
15455370 122
176564079 342
364417933 622
47760901 244
36623784 321
1316579228 214
270456838 246
19844568 356
27891081 355
15776271 212
523780422 223
99564394 524
554556693 621
33621572 213
64395876 524
807554287 614
27063447 231
410124702 245
20345553 341
27295505 223
170982243 356
36909762 211
33640525 622
803023518 532
6698022 355
166704894 543
371099607 522
545657424 243
1284432792 311
67801502 243
205991617 341
19276407 421
1252957579 243
204931436 125
1252820030 125
2690951 214
26299417 214
604596719 353
267950085 544
44046926 247
286302336 415
61891024 247
40065717 313
242507003 927
1260018865 612
44557860 125
114513111 246
1644133471 927
627605505 544
7563542 212
284043652 523
84121660 342
218108757 223
401818682 223
215705550 221
63362616 923
18180430 354
259329872 111
1157551710 243
22016829 311
38109300 532
927430573 244
26659619 244
23809263 113
14528891 211
402764343 211
77680239 524
72663989 111
46210618 321
19141331 243
26279267 531
299049196 222
12049322 125
44286050 542
457377042 311
258347574 113
420382499 122
208462078 353
263632499 246
44903566 247
1081281 212
716443088 544
148252867 543
19064760 246
188441683 247
18185185 214
1653771 113
45353194 421
28951614 355
275447863 122
80475670 111
174438973 246
15496428 342
27140994 544
426657313 542
219369710 532
473950328 113
119446124 211
17830297 415
155197876 313
100225557 321
30628243 313
106559961 246
36973456 122
23463416 356
93958704 113
17781323 214
47374474 214
179011726 231
22412456 341
64311929 544
2147992788 331
45832855 541
16961346 223
362193300 711
64219325 353
14217112 312
14336028 354
30765474 532
21724904 211
19073188 113
101932561 355
193307823 122
254801500 321
101637827 614
24265224 542
98294473 341
738217272 532
625285213 223
121388315 111
348060527 415
46000530 711
273482700 244
104023575 821
29114811 331
180641088 342
22522015 622
88807579 821
18256895 113
93154510 354
173316659 243
807929844 544
315029883 212
29275425 242
601977384 524
500982806 542
19899190 823
238954852 122
22292802 821
300188077 321
236310376 522
111078701 622
22780321 355
547098442 927
92286096 242
152339601 355
16566281 312
13525382 354
17933694 246
39996609 421
833988769 111
21336378 355
168592626 243
61867377 813
75443458 111
97853677 823
17047658 924
98690805 412
774153380 341
231804507 211
72652039 111
55050519 311
619488421 311
20045521 541
14829999 813
87638057 211
619157607 415
25532795 313
94136626 331
326672045 122
20425451 924
14538949 111
58777155 113
13233922 213
151911609 212
61829128 212
1081984063 312
79233608 341
207610289 244
303557018 213
154465981 247
108390433 522
21185946 823
1163272849 214
39132430 614
139575420 612
1066538857 311
304771134 212
145628577 352
250295224 223
23550149 245
111951565 542
351199484 341
31449448 813
2058511 542
267771387 245
111642799 622
14487555 125
251994195 522
2183218339 311
49549690 353
25944377 541
301957648 122
1418268582 331
89981025 231
23507486 113
52825386 211
34421363 241
85212076 246
858247765 125
41578097 421
49270554 221
80970794 321
33112438 245
26699916 823
147438243 242
595820114 523
34345412 243
169890371 823
291141371 622
66630522 356
19674838 813
23130850 412
18700916 247
27464262 415
150178039 412
17247758 544
1072509836 352
70194172 531
329886858 813
55262062 356
78566356 821
143181108 924
49058738 532
207594593 356
549096276 511
113157695 522
304302718 242
186331491 421
18706036 113
1935099013 212
1643319493 312
14100124 246
330171249 331
23200123 927
65409506 531
849201 341
38749185 352
283502610 823
15940218 412
79999731 221
14622094 243
422561335 313
60453148 352
186276087 231
492690507 621
34023095 524
121178887 354
190088045 522
20980710 927
194226183 511
28278182 222
20198359 247
26570526 544
209254117 543
26849137 214
30383377 231
26598062 245
314941513 212
27323975 247
184767960 212
19990791 313
411131951 511
36753271 245
14461653 421
38783247 241
52617475 221
17901352 246
234647943 821
352848926 212
59311659 341
59258636 341
71735143 212
152305602 125
14458698 211
16410248 412
5750262 214
82938733 231
21209715 321
1433597581 543
106304898 111
251530429 543
111655880 221
213007579 421
6334632 246
25440813 125
41350158 354
23731663 214
848424368 544
21300445 412
16366204 311
7057692 122
238221364 524
250277708 355
59507630 622
398778457 111
114965806 213
220080568 541
17627598 543
15022582 244
40136559 342
45813552 542
17333183 242
97743434 544
255370666 312
2386574329 421
475293404 523
254838594 353
72152989 321
884458202 241
36655103 354
20201663 223
18913022 223
81355605 544
129387638 352
649873 523
242543702 321
4899581 212
277859030 125
296553576 111
767669412 927
53117012 313
219341297 213
99054450 342
598500852 924
15841875 211
119922198 927
567236409 242
38474144 311
350809495 353
244720713 522
26279847 111
70076405 246
413100731 354
559065365 711
16884084 111
16462542 813
841801843 241
72018958 242
40441464 321
179861618 241
49758370 621
41485160 421
38956248 544
17934648 331
35408113 222
26096243 221
40849582 331
104471805 621
40946073 542
34378873 122
501397820 353
622426905 111
159662932 246
1967148798 531
161696711 213
15593520 211
81846347 312
44413100 213
20309170 125
281347997 711
231933290 415
19700182 246
63141334 311
776616558 927
226467560 352
194526740 247
778853749 532
568781990 211
158113715 313
443907448 247
22455550 247
250068002 711
22023038 231
54798894 231
230507945 543
43137284 113
135629478 125
294844771 823
82919992 113
226834846 356
27850283 111
330101036 245
62538550 821
71088678 342
98059243 356
339698150 523
21353138 621
23871618 113
140926587 711
715348849 531
2642921 542
185327339 821
170037721 313
100298365 231
775920073 542
87472322 247
930931548 355
303624670 223
204468204 823
277772892 247
603168363 355
26763146 125
22105141 214
493416394 924
215815461 523
293186823 355
54859187 421
20375463 542
101942117 342
86850183 214
39850032 543
305028252 221
19329119 341
6618402 352
203541784 223
1483397126 245
33171981 125
26062974 245
45569822 532
153055067 311
1680526861 532
30352605 321
73212270 113
16408993 313
448733877 111
86080001 113
99828629 211
118704754 421
15348154 311
113431178 542
85895033 614
11212792 614
31011653 245
552248966 245
52243165 211
21824894 113
10225972 211
312058523 621
20036949 311
21990968 612
110311829 221
564784728 823
18232161 222
34564935 241
20169904 247
23501941 244
268348280 341
622792995 532
23236652 821
157773975 927
303711947 622
449675927 353
38371810 821
36268468 222
24089881 541
248141154 821
16103650 122
215484555 222
559838974 614
62752014 212
99656267 221
87798905 247
285576580 122
133903464 211
114868596 821
423961966 312
33937288 622
123461813 311
12586892 244
18632288 313
453277591 243
18323168 244
81516172 542
124434890 354
73739382 213
116974415 245
18605997 222
66669646 542
120115069 246
501760892 223
426647320 821
325073403 523
24374725 342
197502331 111
57398601 511
168984636 213
45230420 341
98362716 243
219954770 542
59347053 246
811087 212
43995095 223
99848269 111
611890719 612
22678437 321
20188142 223
623107575 532
143426286 622
87093391 211
347745314 532
480771957 313
85949928 352
256484750 246
25207713 222
13831172 113
8251772 122
406994161 313
278815583 621
27925583 542
37180354 313
148611946 544
34759046 241
65433609 245
31139417 246
18834681 125
16388450 421
1250262247 622
245745762 111
188052728 245
20704896 813
1067421 213
75725656 212
19400723 523
54168151 312
324775400 622
1448456952 122
16781645 321
332383141 244
171560668 544
42318605 331
135156956 821
28557583 247
2164631864 612
11240652 312
211276815 321
8368042 213
151476857 532
14310612 113
60485024 356
243770734 524
15447649 542
75327069 543
35793326 125
58412174 532
17239871 352
121818021 247
6409922 113
49423767 612
457605616 612
202377339 924
181357316 342
365678717 222
213343708 231
9866352 212
249723294 125
11176202 342
30414967 356
172565159 523
115145390 111
13973832 213
20121679 122
1432553046 241
142679936 543
95210695 341
14568840 511
64372167 522
148291280 532
244682136 212
8069672 242
135939198 821
26837342 542
16647529 544
55551763 213
218523089 331
438665844 246
40464134 221
109351412 223
961640664 523
39592679 311
20189358 813
17904771 222
48764472 354
115793508 312
68139427 211
135667511 313
780648774 612
45791119 313
43000429 511
180862772 614
1226015407 241
21268970 247
86064583 247
151984336 242
107764258 421
277780692 612
18564754 813
60459204 243
73962251 342
189043184 243
19370552 531
595880184 221
22331935 821
141265030 212
15418601 211
7255642 342
68353033 212
248869943 241
58139062 621
227584095 244
16024752 341
173783002 523
300218134 221
1309190376 223
8337752 223
122365126 821
83623722 243
564166821 421
171822734 247
386229543 246
92302781 352
18817363 125
20376295 331
765000510 421
22753777 544
43665101 247
734921088 241
82651414 542
119772218 242
87883858 242
2290106114 245
476362556 213
77361532 622
20159038 111
18925633 212
35289793 622
31849621 223
36193376 544
514691457 543
185841400 213
1280006172 544
424698402 543
118843973 212
65350502 621
15736765 247
24359784 244
470508662 331
1222656072 125
309112695 711
45134906 621
22397760 511
14166534 213
98953549 614
204640586 245
37644745 244
53112231 241
28096353 321
534404993 532
87511453 222
293539143 311
432673706 542
43874739 247
121979481 711
142406798 113
18947211 354
540408765 331
22003534 542
324673950 544
20983674 213
41580772 213
14467870 113
766693854 113
36043914 341
53896641 242
40847902 247
182064782 212
93125930 212
446538209 543
119508124 243
176468814 211
63383118 214
157957001 544
1108807484 354
18472958 212
26371238 211
40346393 542
66454873 321
130307688 353
150922236 246
519773169 212
401976890 313
1362038882 244
367810447 532
24328167 341
17175032 352
276738430 421
117493498 622
516902351 511
355784496 711
60372499 622
943578900 213
386732811 212
39805956 246
64706269 125
243410318 523
823856828 355
28410099 222
28088385 354
310604435 823
355478299 125
188625961 125
112243776 622
161708314 614
2204070475 612
194475085 214
455821660 614
1058728429 352
15764490 242
111080270 542
129407086 321
17070233 211
1511820588 122
9871252 246
21098332 214
30972505 541
36990136 352
30034348 245
17886409 312
14089595 211
229063314 823
80515826 342
49007566 543
464920536 355
40964189 321
1159947360 544
43887293 231
65733108 213
25281063 221
44352730 523
15694276 354
156774607 924
19519691 321
600557182 821
47879011 311
399592067 243
884239830 243
154118583 222
46146610 342
135138933 247
2184547357 524
48121759 243
14842910 313
220865982 542
15815012 221
591051883 415
393439707 211
153006746 245
26819618 412
240180575 614
600663637 247
41765866 354
16813335 612
1335002192 211
206307515 111
68289618 214
552394883 524
22255290 312
38476660 311
24756949 244
603194719 313
40678646 711
28861486 222
14373669 313
79417386 213
92201899 622
269549288 211
423444736 211
21616696 125
404252225 247
143905677 213
2218500721 221
12372802 246
382146837 354
19952838 113
208702735 222
477134001 524
53694830 711
19540014 341
127824172 353
260295643 312
287156028 222
30053341 924
402403356 247
44027345 244
34456600 614
18968947 542
574630862 352
20755242 342
14934071 246
40379420 354
195496893 511
472978179 415
72167910 813
342948166 927
546026723 125
16380565 243
35178724 544
63044592 247
24155608 342
18748221 342
227419407 813
38345058 113
27384200 213
92520568 211
29620091 247
17350922 541
166918253 542
696053 212
100000839 614
287217854 113
209481545 511
14387764 341
346082172 113
474170773 821
61218621 222
14305066 212
209257776 356
53964997 342
20277689 542
151410008 355
27637983 412
44717192 356
258356592 524
91388077 213
55494183 924
26636092 212
112012008 222
24506210 243
344137034 211
2299025175 511
28355343 612
333208696 342
178616971 412
37764499 113
95816316 223
16165168 244
171598663 542
1683911 246
335514017 621
232998503 313
333444285 231
29628190 213
136667077 821
277446584 524
5567962 245
22527832 352
138056410 621
64850810 222
28685447 313
89480489 247
16357818 544
16210981 352
26413584 321
18494217 543
46630901 213
20111575 543
303862803 353
29989160 415
29197895 211
220308987 331
19901227 542
130020876 421
229812472 125
354174644 222
395191696 222
314479923 924
101052178 246
467714392 522
20915945 531
281738064 125
279946733 543
17975646 523
19903208 113
45272994 544
120259379 614
17918126 711
39076799 321
16203296 311
60805414 214
63011561 821
471896303 342
91591930 222
65736773 247
18581249 356
223529798 214
193618203 321
159767149 214
485190867 927
176988272 524
109595174 711
438284978 247
351086007 231
121591699 241
15025831 353
26534347 246
342863490 612
105712785 313
21441402 313
20861531 511
275096936 711
17425482 532
35467336 213
14165666 211
270376105 353
231204134 355
20103329 927
1314643951 211
204970091 223
87453616 313
19250982 923
472272881 214
523700549 421
355152919 341
15709367 244
103485912 622
325334499 222
313957570 111
613963653 214
1520501 245
131437573 247
23286287 341
6411892 211
880880552 523
1618732068 244
734661780 125
32126283 511
21155715 113
60497938 231
191844827 542
25598369 927
89379093 524
5522792 214
300872531 111
16202990 247
349017154 622
398241429 111
20033593 421
365884615 223
397032044 544
394728044 244
23054053 221
182539117 113
46119689 542
18234407 231
16104477 245
19994341 113
24342701 711
26599754 222
21675380 244
247927867 421
16924971 246
15123794 341
40451514 711
53592977 243
106745079 222
59379157 243
14198745 542
24726056 223
18286280 531
39795071 247
423311030 111
164251483 243
47347756 544
20502990 353
37654447 356
1296638094 532
478998308 523
210410527 213
126120400 246
385900030 313
54322088 531
99921050 353
172112585 247
63791503 421
202780570 111
132456955 213
133065990 341
88668315 543
50091515 342
268889014 711
133469917 221
1358003496 542
38671387 111
369742757 823
20852376 122
30956008 245
16255532 241
1227483475 331
457028575 243
39547042 241
255766643 312
35905452 247
21653805 247
221437362 342
51042099 247
85002667 231
110941227 354
35021609 313
243856648 621
904090399 246
235577003 622
487029153 542
125097053 544
400707217 823
43321736 247
15817990 231
234959897 243
20015346 356
1688183076 211
11758 247
533581865 522
22206952 231
82209814 352
190512736 415
41678437 927
12212312 542
17682880 543
67545524 211
18745546 352
537410759 212
48790588 522
27261655 524
632403 531
29640708 231
154943205 111
87771543 544
237932374 221
360767531 542
196233639 542
22026086 246
847524708 213
9202882 245
187958140 125
295062534 542
616048231 221
307206086 622
29348929 231
48330913 214
320568645 214
15135918 313
14173550 212
356573747 231
415153256 243
383988542 621
23183632 813
229124622 341
388769522 543
480512165 421
168698101 231
250989360 214
14261642 352
31163147 213
136405744 241
415492594 813
22386505 412
552845148 244
37268030 353
21360272 246
2214078920 342
134247724 421
18446580 214
270386477 543
34360895 622
10604202 246
18885841 355
47780567 231
452491801 247
281028485 542
414253531 511
522534694 927
335064622 823
19899510 356
22306798 113
190440511 122
24185174 352
16778099 313
62334712 612
60227223 313
114274586 511
293687120 524
25600495 614
18953865 212
222820705 214
117081653 213
1012488631 245
490900144 113
18981185 354
18895192 214
17613615 355
391762663 113
43167906 222
27883652 247
216182602 421
92499728 125
47177618 221
602060307 113
335727656 924
253110601 612
219232476 421
311179553 511
1673818016 211
26538833 241
52379675 213
339556821 341
1279398318 352
157970164 243
175445113 247
29440635 244
231129762 544
17653335 245
173921051 222
233854100 212
81059520 511
62882364 542
56737608 243
28228210 223
175079994 213
462539586 223
31205466 622
21030912 247
16673088 312
35215409 211
1462044164 612
235584910 711
66915935 711
1571761254 341
202130603 313
62317202 313
18520523 354
99047136 356
20462472 113
215229036 247
152182267 353
400362275 544
576091245 532
36150464 222
277585340 356
492357077 612
134860875 311
42966299 313
17713530 531
378948678 246
18000311 544
273227552 524
282161299 111
622004388 542
14382163 113
157814630 245
389573582 313
29241472 244
356795286 421
39580602 331
362058721 532
276469079 313
115143572 231
27962922 355
181504282 311
14335490 354
18654736 211
451603708 412
562135257 331
251758894 125
69613510 243
504342142 341
10239442 312
553867503 544
206186625 231
21605188 246
211023134 621
577427016 415
37217513 927
921458772 532
69673536 341
14246624 711
174781177 927
126034403 231
198385563 313
244893421 543
21987994 354
87171045 523
46011010 321
35373226 321
299363737 927
573423642 531
210949886 311
45949970 241
15093534 246
425756821 927
19582633 212
1169619584 532
208317924 353
89318263 342
505343945 524
190637272 342
9128082 222
47766741 122
328084524 222
20630115 214
99121734 241
494242338 923
17668182 522
8662992 243
112314373 544
15438940 544
583718391 222
47396492 823
26094424 221
475732486 222
194994888 711
41654083 313
242332922 313
32305417 213
16271384 541
58747908 211
63714228 531
271871394 222
216846216 421
18519197 353
54952401 341
12478542 125
284120545 711
165717641 823
76170772 221
40972828 354
15573609 213
522831910 614
429332320 923
27844169 341
41041608 542
71011638 612
751984622 924
20484562 311
116225175 924
64491747 122
631244111 244
753530382 125
53970109 243
11092732 245
123552352 356
10398022 212
15824762 321
43023141 222
1209798396 244
144496572 524
80838047 247
50407610 524
177434330 342
19903205 823
113769113 342
290136023 813
17392436 214
16198823 412
18218876 341
16503078 542
48981089 247
22734685 113
17370716 244
139379542 331
57484118 711
16797684 212
396627950 313
385936104 111
336569662 243
36978480 113
16692909 312
50594076 212
328317764 223
45270618 222
224692662 354
254949579 821
71048020 353
19979812 341
279466110 125
70992437 213
15531489 415
256668608 542
59546320 125
177692740 241
429382247 242
129684894 246
274542160 523
228438615 212
22035690 211
18010946 412
5450132 211
88397955 622
16065044 341
57914321 211
51488681 354
1160499170 542
103752526 222
74035167 813
226815025 415
73144342 222
87983710 321
79501177 313
1420244798 341
268931402 511
37754453 313
26141748 524
57387479 241
210643080 927
342261527 331
115738223 341
64887871 544
185674493 524
77180512 213
21801379 923
2284642004 421
98680785 541
26297738 622
137268879 544
151554422 247
179088237 213
14040622 331
45474733 244
547711488 355
21101306 113
332787863 412
21862498 353
235613301 245
440032690 511
120800513 821
22803383 511
55517857 247
1797291 352
14249219 246
789738246 311
339692762 111
1151451416 542
549148934 241
19530323 321
35023375 222
978297979 412
348326797 222
247594345 113
16553668 242
61737065 321
193366688 242
149958777 421
725093 246
144596361 222
271624854 246
15028139 354
13374002 222
74115714 313
36242725 342
127252656 244
54382660 211
176940232 614
19637469 211
754058233 212
21791412 244
68369864 342
22638297 223
1710933343 246
15571167 312
228203181 222
320708352 415
444344299 542
66752245 242
446904302 246
67900625 125
174469110 542
33176951 212
298734232 125
244572367 532
325162277 245
701128112 421
17402055 246
236827663 247
369309970 122
15270016 212
1177017763 614
103667261 222
105444584 356
25472283 312
15946883 122
128429885 321
56105138 313
126392052 543
416194481 823
19237217 924
126352267 313
263032625 544
333969742 927
1378352149 355
5920812 214
148742695 622
88066262 341
23056764 244
223724552 313
280482106 111
28911599 212
60827889 342
245396712 211
98271290 821
42386335 243
104779034 342
175815271 247
253565108 354
15604034 321
26542150 113
37000922 222
17282836 321
89043431 222
934385852 542
713780658 523
85290305 341
23259960 211
1164292826 313
237729970 221
97705149 214
236139536 241
108039677 247
14849067 111
490218360 531
2331103610 923
1252216544 341
21053067 113
461141911 532
16263018 245
39508090 531
75148597 243
145555580 543
19750015 111
211198906 532
11936592 212
33745309 321
1319646870 524
223552246 111
345245043 222
51408109 213
19703457 532
113339964 355
149530314 247
46938697 312
253449872 243
439580958 247
53330122 415
29542178 353
273909931 221
1265235926 241
20273524 246
41772430 246
19052978 125
254560310 544
19838249 544
583211235 823
194071354 522
15004723 222
193354205 231
480196621 244
941997229 211
238262344 531
19372266 231
20684189 353
391965357 523
29242493 612
534335524 111
35305702 523
199401291 213
592099335 214
15898553 223
495475023 246
194599041 312
63754318 113
461689554 211
17571304 246
22308807 352
16198397 421
18875713 222
462391007 341
406211884 353
90111803 524
175837292 312
599697165 311
572179618 354
24414384 223
127463077 312
288458164 122
865723405 341
98501301 214
85156794 241
31072243 313
20424174 313
551326648 543
18567205 352
74759701 321
18859988 246
51428082 523
386025880 211
91217312 214
102958885 111
96212797 221
35267758 711
33981209 244
215401693 621
61226071 244
347242264 542
233311397 821
67771869 214
115239007 213
436343767 125
249261958 522
112719897 313
926183292 222
210895239 352
9621702 221
16017521 214
25792467 111
32309532 243
50276119 542
362681350 321
123215575 211
290029623 211
21150134 321
5340042 212
172480550 247
481446151 113
1337640818 223
51004396 353
15603727 313
343845047 544
609471191 612
95504748 355
45540215 222
357380581 923
557594523 122
121483664 111
135812728 246
149135693 211
54152997 622
90412756 247
251455092 211
46549541 412
51028602 223
111980785 923
15351903 214
260834008 246
243690594 111
22308143 412
17315676 246
90674891 341
1137839808 223
119140766 244
1068647437 612
72981509 711
87065358 342
435980092 111
18260537 245
743641218 122
357472615 111
533272466 245
49217079 213
94291737 532
385923651 231
195673417 243
160453133 313
32231042 212
15159514 125
295767272 544
63690638 821
361979660 923
228453332 524
19811609 823
14617499 211
4958551 542
21790157 243
121092212 523
469290972 222
486517680 342
1450491685 311
551432593 313
20207284 243
17787137 122
417407674 924
120324379 823
17285379 813
14603622 113
196262955 125
128587304 622
28506655 342
391357408 621
33710468 622
225157330 524
16655418 211
293096305 313
93453984 532
2244306120 214
20801656 223
66715513 341
82196496 246
19289213 341
17196858 213
793059 341
17287789 321
1723082666 222
225480278 544
379601006 524
35164508 113
22866991 222
14157172 247
14354096 354
410291099 223
132912066 821
21196712 541
236940018 924
44216646 312
376653705 247
74362846 543
2199953598 541
63672414 244
1288120890 214
224774032 342
1596735439 421
216212166 354
22811855 241
186360589 113
28837388 222
32351769 356
37745339 821
68856307 245
790135 356
144981009 523
324900023 211
30095547 421
292395558 241
320908808 211
145156815 342
29558580 531
288635417 247
64396655 111
109664109 242
108086169 813
214495946 241
44141588 214
19334693 231
184888863 313
16221833 313
2221832852 924
131970620 111
346058955 542
163138364 243
342925056 122
280993120 243
16299932 246
1051156543 223
170154716 542
595281829 421
60343171 231
77152667 621
171514298 524
26319510 523
22417606 621
77415134 213
17224144 622
67516281 214
23906382 246
170499114 543
127675825 122
15552294 223
233561717 111
19785585 544
19708014 231
22062347 212
1211477438 221
51279975 354
100333210 614
18825537 245
23821137 542
135059707 353
110831084 247
17867549 247
912065210 356
20148767 356
40215071 213
486963715 524
262771109 223
382056710 711
256747678 542
1524690656 321
284155021 612
249781411 823
24905746 321
16469292 247
399299890 522
279464147 222
69109112 614
113728763 614
59927806 231
425630840 823
258777578 927
570416368 245
302958570 247
69604343 342
2349471342 231
308440369 823
305192043 214
146673971 231
21643162 211
8106562 212
21671483 622
305221233 212
190183522 711
37757641 415
133838954 223
417374551 321
233828856 221
90245780 211
158818937 214
313674794 243
137107733 612
290317816 421
285269471 543
15587962 246
1252382922 412
12490262 213
152924989 222
127131276 243
22143184 243
164650525 244
14863217 312
116869455 213
577366001 231
292526559 355
407144526 622
28877524 621
72655429 341
103633920 214
547053290 246
52244512 923
490262523 524
162341942 213
216052521 532
23030772 222
14197660 353
22326076 542
127021148 222
978818863 243
471612366 421
69283841 621
21146604 113
22733978 542
270528098 353
94103010 247
51887448 927
270030581 543
34118767 421
37716611 213
282673160 111
15089837 356
312389361 614
233645171 532
90291137 125
15017920 113
27946350 222
1338101844 223
24474900 111
18278007 113
19127931 214
88391413 214
127373008 213
366460739 125
170705887 231
20567743 412
23014458 231
599540342 523
19355997 113
39890603 213
88809094 113
1025378040 331
120136741 421
152180375 247
5579952 213
793316659 111
71571540 243
38894524 313
20709867 222
357757951 523
29661640 231
21132814 246
47760321 341
254294349 321
38236942 246
159735538 212
282661524 532
90110339 352
15223346 246
42590116 313
22553049 312
636586551 214
32443629 542
28909490 245
19370834 544
272599217 122
60374727 222
51550591 542
54098031 213
259973352 212
64529393 532
21301115 355
55580094 321
36158775 243
28194715 212
264222050 823
32719726 352
211948412 111
255647333 243
589903 244
952156134 244
28083466 923
69697058 544
245939256 212
359176179 244
38682876 231
34930367 241
527409371 113
141372823 352
12496 541
17411600 813
145080615 245
23521815 544
374165334 621
1307378574 421
306671000 321
6153722 355
21588515 231
79713116 313
28080271 321
88440274 214
905926296 621
92072165 243
18673335 421
27458381 544
310059380 312
10806792 621
829809828 612
17242176 544
83204556 222
14450237 241
274879556 241
377362560 211
67303711 341
330488496 221
18296291 614
111733329 531
452352741 511
47680093 531
16376214 321
1351888752 511
24904298 223
197809096 247
16463121 211
24862975 231
16512721 247
516025922 923
45849110 211
726699799 243
267352725 511
102923401 524
233623617 211
282010733 541
556869362 353
561189610 231
278486563 543
64497513 531
42687561 247
345856489 532
90711272 125
89001992 311
68087482 354
480745369 511
19606814 321
92554641 622
15858892 243
588476089 511
1392430526 222
1483017367 244
128954148 511
87851212 522
260984857 243
355118520 614
279480890 543
108171981 341
31542750 622
85140518 341
583123781 523
378088549 421
127825474 122
1220572183 522
272056371 111
52772486 125
77173022 214
61432006 622
258979900 532
55622429 711
174138799 222
165895243 355
447166181 223
323845238 621
1537051494 222
1392165396 312
169488561 213
23838162 245
25861687 311
216233366 321
193718294 243
18531818 213
378575301 524
41469953 331
480422456 113
29011788 221
426773410 353
138809804 231
60858042 111
124148726 244
871477614 241
763723500 245
59520228 342
1330151 415
154527986 244
16712734 243
23046293 213
302697744 125
82433551 321
53897366 522
26486758 113
18478188 211
101942908 813
175168211 113
248023242 321
121219077 312
43800927 821
134164412 211
14938017 412
22798817 927
1103 212
14925116 313
195703137 523
223049592 524
705390718 353
136960381 243
346568131 511
22015085 122
261804157 711
14817494 247
1160247739 331
40667170 241
23390054 212
23738723 247
22996661 246
27259632 221
12620122 214
140417276 125
277038070 312
241531188 241
368579646 421
22258129 354
42010704 113
51138891 823
1536969096 231
275478833 125
145776562 246
1671877099 222
2273116802 331
1447522692 614
195445369 622
305288679 243
126848351 214
90271739 321
24111331 223
19797981 247
561370529 543
45394414 321
15131130 211
18600358 356
314012195 622
562673751 312
35845866 622
331875927 246
13218402 342
79467288 823
21123463 111
97300652 356
1359063488 111
245039169 111
100871875 213
235106893 212
18615149 243
323603690 524
260245109 125
10066932 312
290489464 542
990111043 612
155344993 243
148759289 821
266394707 312
1482303019 354
129878977 354
17631894 621
32609491 245
17904132 113
15752507 211
90757514 312
46640857 211
242950665 245
412221363 222
330691407 113
165306832 244
34410151 321
52403205 221
356843740 354
17095514 242
41701156 823
124109180 354
419487366 352
65214004 221
91492097 352
900970848 214
385568883 543
86400123 242
19502792 311
30443185 354
457867432 524
89219961 243
378679264 821
252212729 342
1668223399 125
20547464 532
269691902 823
234228312 524
45287308 245
269924469 247
153860891 541
54995303 311
28701477 542
255399458 244
560451317 821
17134680 542
290360306 341
299831950 542
21519544 544
706999513 122
2326128330 821
436015788 331
19208115 544
135665933 821
133601042 415
24224472 523
842949421 111
21116497 243
173089105 111
281388792 246
224280004 532
466370928 542
231139872 532
58044054 222
148124849 222
16108787 511
27048061 342
68937484 621
386070066 312
7380082 312
392685122 353
98733178 622
65586562 524
52414010 111
121464706 923
17376853 341
16903675 341
16278177 111
14144475 113
598315271 821
331877680 532
462641138 313
17347072 321
140739245 415
21330040 221
118380026 231
514344295 321
2372843052 244
16095009 524
400393944 415
190206239 823
142204831 543
16155384 341
131655881 211
1168468022 354
9332262 113
16230766 542
17215611 711
48702323 213
275209511 612
448875959 241
100624052 214
279595525 247
243828748 543
48298166 222
36583160 245
114839841 355
15372207 111
47719591 353
383354761 523
40106620 543
29133079 214
51728885 531
85807957 247
36765236 621
20146362 542
65422486 612
20597033 312
52338428 312
19150863 211
59813440 342
99211713 524
26517371 542
753005893 211
331250059 711
13133702 246
20727307 214
28171553 221
200139637 243
26112340 241
31008861 221
209683480 242
531543684 355
285635595 247
350907437 242
15040070 313
191572592 246
27189054 352
95637779 211
403388053 241
22918025 243
18972540 313
23699344 813
29261049 542
395435114 415
292378315 522
112474893 524
33788143 541
558012965 321
429253192 214
51617418 311
474133651 355
1168498681 223
1051219699 614
360487324 542
172240451 312
59222022 221
34313064 813
365002580 113
501917416 321
16536395 211
20367157 532
838641979 621
239605235 223
24603380 421
72122621 321
80167604 524
255493932 621
275838531 353
23318459 214
26038365 246
111577393 214
296971298 614
106421972 341
305070669 353
727323168 223
312382802 243
2222953573 341
29365893 543
18757469 246
84115014 421
296179817 247
154831263 113
175442151 542
233968349 523
840125784 412
24928608 542
174043309 342
24679290 213
362503873 113
213605320 353
40146362 321
124639983 125
241321135 612
10953172 312
16435570 113
34093735 113
108726332 113
16125302 355
55724661 245
1047778986 821
173065787 111
94439395 246
398835842 543
18946913 113
15155690 341
92264739 113
100478177 111
16610758 222
603108090 543
85161517 231
409091346 356
331331244 223
313075212 244
235141655 543
20722055 354
94060600 711
204755881 412
67884787 113
176065649 211
92280876 214
48410108 247
20846431 821
233949068 247
107062302 246
482866924 211
729036906 532
1493398826 341
856173846 542
140434648 221
484057869 331
265592248 511
276123151 113
27703484 113
47379036 621
320581492 823
251556682 531
270311364 122
326251117 524
49388157 222
5301552 542
40681562 353
576068234 331
78897599 111
20905391 542
1439367756 532
494272319 821
362201577 342
59429658 927
19713631 312
22411522 342
17827668 927
87184736 621
504840806 125
1255600255 531
267584786 342
23261818 352
8906142 231
42457516 321
371227682 524
18500628 214
19769739 246
33246687 245
106751639 544
42345540 111
268306659 531
214972761 531
329008783 321
13128652 244
139346379 544
30325563 415
58528442 113
83598384 821
1705236246 524
24043343 246
239593274 544
283301194 214
500645143 244
14762401 532
19836454 247
301000016 927
529916985 241
251269458 313
485132823 923
22483446 342
17211476 355
70681205 352
277153802 823
247146121 244
162855545 341
211291276 524
16361891 522
19713156 341
259453208 354
22813781 621
59162927 231
233589676 223
39201607 542
49593340 813
350161269 354
255979611 532
14900945 313
19086955 247
9907482 246
1245104060 212
21292459 231
45292469 352
81916001 532
46908335 341
41232856 213
922144939 924
39695537 543
556073941 312
5925892 523
199103824 531
19794285 421
218164675 312
773187938 412
156666152 544
254152481 111
45289171 214
16713726 313
49147126 243
27101647 243
78288616 823
44723103 231
241107083 813
28121536 243
17291872 354
18583102 321
313152629 214
150980013 214
18667125 111
770083891 612
1105978885 222
25156861 544
348326018 923
92263843 214
126731258 354
17538658 523
378669733 222
555136512 125
1052911226 341
555294126 321
404589275 353
489002436 241
95730304 923
82797119 111
1454448288 524
16696795 542
18665302 341
89445915 522
17944928 341
46515781 244
17999374 342
614529720 522
16509812 213
1084548338 421
19332843 621
220837005 223
359008144 113
1511928434 321
301524360 612
248844746 122
14431213 113
15283483 113
367820149 113
884665147 523
16459780 511
167687631 213
16435086 222
11177012 111
303763824 311
40597963 312
188219457 213
101201685 313
58384562 353
608784726 111
712845872 312
71818061 823
390469679 313
274998486 231
192342013 542
76929156 321
15806415 823
319557775 621
103883682 223
455340801 354
23790335 222
19706124 421
19020064 421
18724042 113
109816206 214
163192895 111
19739835 312
26173057 542
319421652 524
71227898 246
51146127 821
18739139 212
59769295 243
215393980 711
278187725 924
585100610 241
14329707 231
73188066 821
551787952 113
245549712 531
136307663 311
335937932 321
705883 243
215077954 243
147610819 242
105186059 246
25217870 541
53158080 113
117612065 421
54351209 927
88896191 246
33826996 211
554001429 543
14813658 313
110444504 311
36911384 614
134189533 823
472759055 821
70657386 321
381210369 342
868458666 313
20993636 111
68472905 113
245732521 622
133236916 111
927420698 813
20709304 421
442673437 211
17530879 321
27794779 222
312893760 213
557203317 244
57664879 245
413779809 245
92012321 312
61366407 612
15690377 421
14494462 356
33847273 356
104766607 247
224763863 415
17273245 541
294285943 247
20948968 353
316030673 415
187810975 412
97262082 542
89790347 523
163348406 321
16486819 223
498901874 821
33124550 614
33985243 544
499813576 511
789559524 313
77493676 125
323109279 522
208261159 321
125346101 231
245693010 823
57190967 245
103770532 125
24531906 247
179432594 612
18690681 246
12957472 341
53087832 356
297532018 243
70434280 542
302460705 212
211277624 222
62334267 245
39025311 823
510577121 212
104509672 212
132585428 923
211466650 221
24506807 544
15317634 246
459403728 241
188481378 312
226598950 313
221537862 246
74698208 222
22759776 247
435236602 622
96584904 243
152173242 923
43896335 244
332652150 711
60853331 212
104483046 113
214969563 211
306337005 331
113618815 212
239401933 243
14152339 223
66520463 321
428625996 222
16620673 113
38850052 542
15600695 245
178266779 524
193600206 313
23582059 622
249380383 622
115937095 544
1615698704 246
201400030 113
84281580 214
179496631 213
20902211 511
103418274 231
80924527 247
1148621119 246
94480861 312
70162556 813
44974886 412
16254132 342
2388084584 421
20315608 313
18777219 246
175761702 923
425270525 821
17723638 621
89862567 223
17973160 222
66546955 246
49528887 246
1310499042 331
229851570 544
21724979 246
58816266 711
191187219 524
87452316 354
42262329 813
64781576 331
39687563 342
242282643 247
120525935 542
373071271 212
21704370 214
449858524 331
1021422055 524
429619937 415
241219050 531
234843814 523
630854568 614
45807337 245
22099524 342
465495414 523
14438595 542
10217412 242
364977863 531
182365345 246
61377731 245
48383641 353
891629540 415
50353610 223
26789000 245
20578180 246
377021078 243
316890050 214
48948901 524
79139306 243
132618782 311
453892183 214
43108558 111
28581534 543
847124808 541
1083172980 543
278125087 244
728403 214
457851160 353
1413834362 421
18344031 221
59451973 821
272076006 542
53344767 213
71026338 532
711286188 355
63947223 246
226134100 321
69185480 622
42395209 321
217464245 321
14501584 246
270086595 524
22132662 247
174074598 924
525292277 222
1006096944 113
776287214 321
61581545 321
254830969 531
20524211 246
29529419 542
22277505 421
11825072 113
856791061 243
195301536 342
895712294 331
46590423 412
146260476 342
27455979 223
150749741 242
24452416 823
66171400 331
1164231356 543
16980348 313
946065337 214
90043046 242
93007362 222
43440489 222
22484601 222
97045807 313
254999763 214
33273859 331
1622820421 113
182236076 125
2155491151 242
232300295 821
15024497 213
243785862 353
818767796 245
246638032 614
213593279 246
168784710 542
579230216 342
60091752 241
122010361 621
271959297 111
32124202 223
450071559 243
142157808 212
564774802 923
2304091250 621
58049666 356
19087569 111
305599131 241
858355471 331
461569628 342
15200378 312
381632228 823
41211498 223
21459608 542
59038993 221
5468172 211
10211472 242
14499474 245
98501372 341
176458046 531
11473682 614
169303581 532
590236422 243
15063427 415
10351332 223
1320361207 823
20722058 113
166251898 223
349573421 122
217251099 612
14074288 113
23227048 222
629806327 321
523473566 542
298280007 542
15454004 544
35451063 313
444766691 711
383315713 111
16359884 923
290263275 313
116143725 612
131229750 244
254704499 544
129891473 622
19404372 923
60235802 352
418852903 612
282262296 246
397646519 421
21520942 354
376328861 242
42717963 813
266612147 522
23231628 541
17096607 544
612916391 524
23243608 221
138007009 523
235147595 313
568832276 241
228931788 231
241243077 341
260551924 421
24347705 821
25474321 312
16550893 231
10065552 242
53328909 211
314726142 532
44339167 813
25665473 313
1080757783 532
59211661 532
68874416 821
277299809 321
38535659 352
22791602 113
171977015 111
10571 711
25858488 214
37136084 622
122571851 125
26004462 356
22497445 246
84063255 621
17213042 313
950292649 247
57107363 532
222397812 311
105569098 813
19163322 246
153144325 122
20839045 241
318494881 247
506530685 113
359315762 341
61489291 111
2149434798 353
16229530 247
88706545 243
217459241 211
61992164 242
278314272 244
222598514 246
225939558 821
1452160140 544
329089135 241
23429434 113
126657041 242
17286754 247
81813120 243
463794498 923
132335422 532
567644400 531
15304250 246
73837716 243
31110528 246
487541837 532
232783631 524
256254723 125
333700503 313
627055000 214
16157607 213
87173823 355
14098484 221
474244840 522
21576571 543
20270551 242
44077847 523
250534474 524
475884318 111
469198266 531
18654401 111
17638609 113
9501282 213
49620161 243
41399866 321
278226927 113
111964390 543
97201780 354
422505625 356
15872131 312
20232506 543
19967903 313
5779142 125
273982536 522
55559792 214
413996720 524
29041376 621
212792856 223
164452062 524
267824364 342
22392670 342
22384537 231
178193641 244
153419897 542
83973439 352
205879845 125
292418217 924
19191261 244
17450037 412
243300159 622
513883865 221
39904933 312
18030440 523
71000798 522
1798164691 244
71371802 122
97038388 214
134760223 927
7725042 246
130482170 223
1244738568 341
52714880 522
250919658 223
1253721414 614
20369076 241
19417482 222
16565803 541
101906582 313
109946982 342
16548235 243
83024273 415
44306717 524
337930217 312
164526964 245
1110654090 245
241717599 522
1638458442 244
19885701 541
16568739 212
19413548 415
1342303824 924
410149976 243
1205136368 223
7059882 542
57049755 511
394227695 543
16535007 412
940468242 927
239993255 354
31173747 412
764002344 223
475912973 247
53294496 542
27911541 231
276731246 243
193332688 524
17504449 211
89670271 212
34235657 313
15619213 312
713963208 821
292653063 212
899167549 415
29350698 246
14782660 312
29267621 711
18644968 113
368314502 111
19694017 246
328302545 243
470587703 614
233395211 821
120825309 243
604430041 511
30736104 312
250193113 532
18590502 246
195483255 221
28973662 923
91211167 354
41863768 222
301693144 122
57761145 213
19408917 246
4387001 212
45917770 531
17226710 244
30720488 541
84023143 243
25179302 243
19532910 125
26327271 354
14401128 214
266120961 542
283793146 531
130980530 821
300509177 244
537109067 356
24144564 111
1361648185 213
34061850 211
365807000 543
209150087 214
139602939 622
407356291 711
82880822 522
30297423 113
986913103 222
14889016 311
341351310 543
425228922 312
80112314 927
22540848 113
524852516 243
17923357 213
26449496 313
1053376123 244
1519305158 222
21991834 354
365157091 222
31375142 125
30205169 247
277630003 223
15716191 125
145014141 211
14501900 221
42608562 415
601210404 321
126767130 222
816148976 244
327453779 352
195033746 612
174834185 544
20589545 111
961904042 924
68324403 213
122807345 241
266868091 313
388728696 711
23306658 222
236566418 313
804596460 111
621381100 532
847981074 923
17353311 247
254516398 621
281113787 245
43137390 923
32692839 221
468903323 621
1250178024 415
237158575 212
31583731 523
19228028 612
37466168 244
56256454 247
470449165 532
151671388 821
1741281200 614
22438099 243
188392637 242
919646454 321
92278076 321
74126801 313
809013702 312
50311428 113
14135430 312
136804158 622
369111003 243
23932336 522
21914666 113
15088174 113
245027488 711
24848284 312
391637233 821
89666235 221
130368885 231
21589347 511
14074540 313
733509648 125
132170123 111
105580480 242
47164268 211
439078726 247
32306875 243
19747448 241
78785169 212
153801807 246
207888718 244
18818183 542
703914810 246
612084783 541
286685551 245
96243452 711
41663357 541
104235384 353
16570601 711
544636119 532
252812844 125
17961876 111
419696609 312
21605332 923
267372082 125
15975716 214
217881040 356
562319936 355
29961042 813
56417618 241
416412511 243
68452445 111
199471808 321
247674734 214
108020666 412
620064356 231
58077555 622
122931072 341
1375196018 511
14084825 813
205470458 524
13314022 113
86584102 532
24499372 541
19584890 221
2278155132 352
44479382 923
318806988 353
441978880 321
58984641 244
52415624 421
611552759 415
349394745 543
2316461 213
9549672 231
22062236 544
125924563 341
145717407 524
411740990 622
983384040 924
126101237 823
17458151 122
2295460021 612
254382550 212
154034865 544
319314752 352
1673908513 511
210514698 927
194336248 352
14925820 511
87633724 321
732187586 544
384511409 313
16740424 113
88015655 321
15731937 353
368074238 355
185896738 321
113052624 221
107911169 312
41024036 622
143417858 125
2157897555 331
960433100 622
9486472 246
835104102 356
229955820 214
564698442 923
343974979 532
236590812 341
16176730 542
81345478 321
244527407 223
366470358 311
1570400478 353
855072673 621
9183142 247
332834615 241
39504922 222
195891291 212
67801370 622
15951191 313
1100698688 211
48637059 321
61124590 212
166140156 923
45229038 321
113538329 621
472469952 612
342599812 125
87946197 122
228222150 614
78366944 542
218220224 511
282845331 231
106060781 247
197105185 246
195222305 222
444637420 222
103749461 543
55241100 821
598506333 223
32181436 352
15982957 311
237568250 221
246307395 524
267325627 214
17203529 125
537253143 543
440273294 355
40615469 415
33614366 313
22055131 212
89130352 924
488070698 355
93583621 321
231969888 923
33258186 523
165302896 821
42517368 541
246064793 211
14145626 214
66667168 214
867457363 544
348033522 544
1345744160 247
15360847 313
35021530 544
241232614 113
91010164 612
118522257 312
221090386 711
596551165 241
322922054 544
300682540 541
38126646 213
466783245 222
95468980 211
130181410 311
14251121 412
119844746 245
396897811 223
289791494 241
96208906 242
17545045 621
32825692 511
586977256 352
30016598 245
518661342 355
351741352 524
167355482 542
31586589 222
17972520 223
30825933 355
27292903 614
12266402 244
161234054 532
23829669 612
107343647 823
25946293 113
55076934 321
17267504 544
21307141 341
482484798 622
33660578 244
19004202 542
120241483 524
69355138 621
28301820 354
277115124 823
1208917327 543
25753390 523
630939539 524
288916376 247
17271375 543
102614463 242
264822763 421
15852053 341
32946208 313
133495114 243
256750905 531
118044627 222
167492987 927
540652287 221
17680514 111
282557587 544
52328502 111
326779622 241
166281785 614
15715347 321
539099135 352
548459202 321
22364420 531
39927811 125
18731326 246
144933997 621
25769025 614
66803405 355
15960831 247
199721835 622
1198490005 113
196228162 321
379038860 213
1292589259 331
220349894 524
82440527 231
264114144 122
23079294 245
88545505 113
27220958 421
7138852 924
130612578 211
53521251 312
41224024 532
792706658 242
81989455 211
14769564 212
78068258 243
14787076 211
326474575 711
589464429 354
353533226 214
385920077 243
52618291 231
233820279 312
18775412 341
17994905 246
56459015 111
219988196 214
112804820 622
108104480 541
134301691 241
606962804 125
21041485 313
244832503 214
19988777 231
23672815 541
55264382 354
112735975 244
131231369 522
482256273 321
33436013 213
54574685 924
264751013 522
153787355 523
601375494 243
29276070 244
2268351200 321
19908004 544
183523737 612
2205714775 412
256508339 247
368128127 312
70058250 352
964340869 231
64004265 246
115861027 542
34781127 313
343576450 222
35708643 213
250684852 543
43048923 342
42934299 342
403568897 823
806388620 111
10820222 244
35151983 622
63950661 125
20628897 113
372398054 246
804992 244
255471141 244
249709671 111
616046030 214
17045603 353
97043018 313
458371659 212
125715373 813
10451462 212
98975326 223
297173 821
475461017 113
536500168 244
185801766 354
1859787145 923
215500434 415
83803127 353
153885607 223
144241477 246
22874765 331
250326490 522
582722441 542
49229571 312
2271945613 355
382051551 111
241639425 342
483159021 321
67624377 356
382446249 412
53554630 524
123448695 354
580994469 412
593650130 111
16793426 511
24778561 113
522250391 511
751135825 823
16866701 113
421551229 543
986610248 211
20779530 341
106218066 211
443457114 523
557967064 532
892796508 823
516844318 125
611909052 621
242524956 543
111127844 532
25302469 823
327024618 214
340430388 356
39109611 313
232097280 622
414020705 241
27898063 353
24041929 542
97048666 313
164223084 311
121275214 247
25472251 211
41697270 321
319034738 543
359588243 711
19663967 113
381694831 113
17903693 543
483142752 245
10192242 211
17871632 354
528684039 122
25584668 544
375754616 622
30997620 341
23172714 312
25221662 612
171038570 122
19277432 211
19282861 823
21538411 356
29510182 213
311623089 543
64420952 247
551412454 125
21507298 222
27646519 125
357794735 542
51439426 214
16173823 341
154193995 311
29378322 243
734078617 544
634031018 243
467324153 313
129974530 222
528930357 924
1239481184 927
61656223 245
368349787 356
90258313 341
102354082 212
267390627 111
16306667 223
1979482608 223
33853100 356
494660932 321
603957750 245
27338663 231
240192861 122
9889712 213
312397689 211
21189983 542
32644211 511
492292551 341
128319012 214
858854648 244
227359765 242
247229266 221
66272071 214
574656703 321
58024035 313
222038842 542
89938482 813
111697185 243
38724937 214
259990583 214
302978200 122
353832972 531
971658596 421
104233289 312
524666254 341
1161174938 341
66884253 927
14117830 313
22901655 415
76329453 313
14074456 245
173408244 356
266215196 621
395542524 924
1553602782 511
20636507 221
46563758 222
22551442 221
817524 231
397590289 352
1970898091 211
328694709 544
131928776 312
74171662 246
271978230 542
61568346 231
19376621 511
15899209 247
356183943 342
43597987 241
188066112 622
126694956 247
57921146 543
84251825 621
301687657 531
131703129 354
552513293 113
86952253 241
138913462 222
1794813248 614
65325688 244
40879822 342
1490131232 243
22269277 352
171550098 543
183659778 214
9269 212
14746841 312
820209037 221
62786797 213
371184094 542
54094839 542
132611900 125
19515547 541
364555060 622
380884395 927
46409622 113
251444591 212
17705155 213
24997038 125
819078714 245
131057440 353
52636334 221
46839099 243
924366733 231
906060302 211
94280943 213
84615957 356
166973078 311
14579583 353
16441025 246
341796299 511
240438128 241
50052893 522
26207815 313
2235128126 211
847335906 244
10136872 211
17514060 211
106399303 211
194650918 223
479792713 245
240615942 241
20965593 222
17853840 125
843843476 111
198455404 342
135601602 614
238120785 614
117937857 211
15433144 321
58497916 544
19623442 125
9120852 222
16340535 355
47661161 421
21183653 522
40471085 711
27944843 524
19325156 214
392604680 241
240778059 412
348111949 214
143429940 621
111096811 823
273038326 313
14311479 212
158607732 223
538700085 542
1660635030 412
342572119 821
65387315 543
222395540 823
154649877 242
584353139 242
44917865 245
397709368 231
28321091 212
518036108 543
328657779 621
1262438131 244
311645752 531
89265397 342
43712454 245
25470007 222
17012371 246
15839676 246
42398030 222
111679596 213
146675033 246
303037702 244
32458177 923
28282008 614
111072713 247
27898335 122
14314029 113
234639199 244
213313705 524
18980714 111
216628590 823
437504964 511
48005481 542
73588005 355
21118639 924
92343268 342
14500028 213
143491570 542
19238906 125
16421915 113
637261878 331
17218975 544
17856741 113
222153558 421
124191296 241
45833784 312
60916234 111
31168494 711
1005059905 544
179665689 532
220595307 122
21181098 321
716960204 614
24906043 622
20279691 313
13858802 214
25207110 231
34044673 542
15764252 353
11227342 125
18724094 421
288311571 614
788056334 223
301929331 222
1355950082 612
230508105 244
1130483713 244
219670627 356
103583211 222
437130721 211
347756793 542
106933901 247
68995519 111
82492605 331
247453126 231
236642786 622
250024784 243
28184604 242
495433217 246
54035090 231
727443637 223
188823973 353
125737111 311
387303893 313
971383140 927
229065318 342
531529381 544
18711573 542
504616637 222
19305016 341
293253151 111
108371105 246
33668223 111
275503168 211
465923932 214
410786657 214
89820175 711
1528048501 222
30173146 543
48916072 113
7740422 231
907894135 821
17909289 542
1126234562 622
40668957 321
100035113 312
98898316 331
583170782 612
343045067 214
1239931 312
70870562 341
288956681 532
21129210 211
106031916 541
229944730 341
251051233 522
1635818198 532
160118933 243
276540049 524
201647646 222
43317287 356
328639840 711
21429180 524
759134479 924
159150527 222
1050355670 353
236414404 214
16486484 544
28095603 247
406548619 821
20523544 113
432312682 522
380650416 244
504775053 511
231620993 531
359720099 342
254112875 823
32793586 543
2230516458 352
594651291 542
21956433 341
58029111 241
49103856 244
71004153 622
69725464 212
127314177 523
116393698 524
39014763 243
20068929 247
16854768 231
138807691 711
358085058 541
1024542661 125
385819218 212
255443450 122
313269265 621
124845582 312
177196607 821
78129418 243
201089484 923
123213082 311
255051434 242
26273297 341
9260332 111
356224585 221
120103615 543
19948573 125
35528283 923
40275203 125
436233528 621
9257272 213
304602655 823
11123382 823
257611680 622
184418618 342
233327254 321
19609919 113
26541858 243
71336473 421
37442005 214
79662799 231
462007622 614
21413424 244
340763527 543
102822052 542
78731567 813
16365574 542
248328385 222
44594237 354
200763165 522
21873507 211
290166712 543
22126462 222
214435358 113
80127314 511
15827684 342
34375766 211
22552127 245
232282506 711
45193857 222
226239636 247
228803862 247
436115456 244
144612928 214
26718847 247
75533 212
20710243 542
18743503 246
138529928 241
15112222 312
47854252 523
70894913 111
27530698 342
22395042 247
204328700 821
137718362 313
172847299 244
619374026 111
139686339 313
69970164 243
84013119 221
843753110 621
634259643 927
435817520 247
43023162 313
48196130 524
96456152 113
91199981 247
364534938 113
118531919 246
565633393 223
1721834040 621
23842096 111
27520776 342
219589417 614
384506928 113
41015592 222
76446235 813
17087608 542
23947533 312
397160160 111
34687492 211
16642271 122
67213908 244
17688020 244
71396558 113
118253507 341
22119653 341
519894069 813
360113523 823
260256396 622
230616646 214
213721983 321
19054117 222
30929667 222
14134072 342
47278732 542
104559856 821
333420832 312
87648151 356
620223922 244
27878807 221
637378200 341
577393816 243
24648125 711
628796113 111
181606626 312
19522898 213
576395455 247
57325223 544
245365004 544
28395626 354
44327698 711
87914757 356
257107300 222
14913762 312
24421083 221
153163312 353
322769557 311
17289329 245
22292136 125
467615504 223
1009777158 244
564239170 415
21559476 542
245546599 614
191585407 246
368767258 111
112532446 524
99701688 222
25566849 247
17474698 543
46551220 213
21807663 415
40950499 353
365913015 243
253783458 524
161169071 231
193517224 231
24273937 612
27607931 543
16231883 927
21314511 111
21472106 125
18160287 356
1432000818 331
53505527 523
11488722 212
2317393614 111
198157416 341
278635843 221
230749887 927
593828967 331
15913456 222
150902135 221
15342492 542
566148475 622
19961365 221
106721294 222
2294544853 421
243793482 821
20159466 214
295100668 511
456634339 246
223780801 111
16473577 511
1435913318 511
430481753 231
125210835 415
592863346 321
16978711 353
39938584 622
26025376 524
208492436 214
574090564 342
52479932 113
244487987 622
35980329 245
176331529 247
280970032 354
243008668 622
20760900 331
21406522 243
1550240084 614
78664869 214
219249286 125
31324260 213
404172271 247
460663249 924
312384108 356
167227691 223
599929859 212
122400455 321
19568195 821
180103917 311
343137604 622
272903238 621
2166428971 111
874251536 415
242194471 541
280035308 214
534838123 341
140896913 542
59131660 221
18207302 246
11628872 221
54515428 111
450342620 621
604970874 223
14527038 113
815306454 111
414770465 924
182744200 544
2290013322 524
24638045 355
26095353 532
47164308 612
101392316 531
95679891 352
1418405400 612
889777608 522
495505511 412
16536046 212
26618541 222
123783578 212
15057441 246
16009317 711
102395417 313
38778151 213
11493452 214
152047537 927
246255746 242
342035274 621
326569079 522
635616539 532
413866515 823
22147683 353
75687820 622
52818271 622
525723311 212
294023578 242
1964865535 531
76333742 246
19501688 813
22365757 354
1673962458 247
100128822 621
70438567 223
535094045 543
17485622 111
150723197 242
429094343 523
121487921 213
15799959 412
42122801 352
422783864 231
11699672 245
131683080 522
25127782 111
37820650 412
437464077 247
45755934 621
18619656 355
32761356 353
346653205 544
28110028 354
17348862 125
85592534 522
372415489 614
75793726 543
388954439 111
55647853 711
106707617 312
15925268 313
380822872 222
36587029 622
24002548 421
50767004 113
22532695 421
308183144 544
596094691 341
439811959 222
63575064 924
151156316 125
21321328 313
321062480 622
619468301 341
18177617 246
8689122 213
430596890 241
46102088 231
349288588 524
20427311 421
12368072 312
36497265 243
531557490 352
83776951 523
434249441 222
301879813 543
212027314 614
9706552 341
15197506 312
89419214 621
123314680 412
91114344 113
327890749 247
104953441 524
83672576 312
619393302 341
114833451 222
47811039 421
197401587 543
151159122 243
23872502 246
1924142779 612
78107876 415
67217827 342
287858658 821
81644843 544
734436301 353
18363295 242
124673587 531
449311051 355
995631956 245
26202384 244
151449109 223
17106313 312
25766090 356
545559279 543
18413733 312
376185408 531
77723760 212
21989893 211
440028182 924
20778341 542
233600929 113
15850490 522
56967616 212
2358125977 341
501079770 823
23855472 352
16311465 242
188661850 214
267125849 544
430867132 523
44105049 122
5730592 125
48230299 313
106541365 311
1332630319 214
68897703 353
157414226 927
188332701 111
471110506 212
214525942 242
47036597 821
26078074 353
196929913 621
1426471352 542
20471797 231
612947883 331
31086182 923
981381 113
15355706 125
1449557952 214
455267561 222
772466924 823
15761512 242
1003875517 356
14104847 412
126274242 321
377574333 924
20719352 246
317012709 241
21328509 247
20312339 522
806741605 321
45877535 531
23680234 311
320912066 312
17936045 523
47468867 246
21683408 342
18112017 111
119463536 246
15660564 125
60766552 352
110563648 214
298056860 543
27819334 122
21537255 211
18599294 125
21678847 355
198842125 511
189503973 321
15493558 113
468183774 622
312125997 542
34319439 542
247474937 246
82395011 245
995322806 111
91045781 523
823838268 213
35499935 223
275899455 222
75353853 223
15887383 313
231916644 823
36320459 522
131568993 711
15910037 113
42597224 621
252253735 353
16353456 113
278454814 622
21594379 221
12645502 353
14283095 212
20084572 242
194879438 212
75056668 522
67638365 621
77211569 927
20388645 354
422673736 821
86775308 821
74557359 622
119440957 122
21905069 544
62332133 622
515540537 524
16573556 541
1101851076 331
610067917 212
81394586 321
190395002 111
14949434 211
326627698 923
19526055 311
281821443 614
334575583 242
24063130 355
14416313 524
177254235 113
336577755 523
149654340 924
52372857 243
27823555 111
83060542 622
573313860 612
7517462 313
168913824 622
59038785 242
130616536 122
19599971 341
93962084 421
123921609 541
89785463 221
262873887 821
118421424 523
318690528 511
56672728 341
29481182 122
784290 212
525493413 532
28675202 111
350857402 354
25743108 352
213802264 622
38879191 113
35963134 122
277130803 125
64323055 542
142790301 113
203872551 341
373046840 542
423771180 222
19042352 542
54946852 544
259272919 622
126815048 543
1961791 213
308779182 542
84470304 242
226811498 341
770991787 531
290137652 244
612084854 246
1284309614 541
118496420 523
7546872 247
240677526 241
1392282468 243
112267527 125
609314091 113
493694053 312
76388368 243
373577557 511
197325020 241
532527735 213
21445423 331
326191047 352
623173274 543
70225850 211
221762534 421
8292882 354
382210645 223
197098063 821
114361154 243
15389858 212
359794582 421
17897015 543
397524943 211
168724253 354
52343373 542
594041271 524
1534061 242
226721732 321
583801569 532
66134312 221
926185416 352
373327107 355
55202018 211
2329342496 412
285555527 211
16022522 924
21646269 221
818013782 212
268849613 532
169420959 311
1893843680 531
398226182 511
32532879 321
92297445 247
357739963 612
595321159 213
318518698 511
21060018 125
214570426 246
247787660 214
69999323 511
220221638 622
47209660 243
15191684 823
8084442 213
211546067 622
210821181 352
177441343 243
22418280 341
144287298 223
572136282 412
19893124 544
77298060 111
20045543 415
36916095 231
572019020 927
277986810 312
277877275 211
14403249 354
24727763 621
421377634 823
16033086 813
818579138 246
286967878 622
148276866 352
21534048 222
14676708 113
42127601 813
57257685 622
222616553 223
543173636 542
115946222 823
5556092 211
9598212 221
49369096 243
262551083 412
24367423 244
394240920 211
34538484 341
17122235 242
154805391 211
78192653 231
268614502 524
64629491 354
44983413 122
25812271 924
315959920 542
139686076 524
449119451 511
294802121 823
137831069 313
379193196 243
23391280 354
15932786 542
333581376 821
21158707 244
268360249 213
17189349 246
307039878 621
18319819 544
173094078 924
7062302 212
41202453 245
18330547 312
75368488 923
432240724 246
266260716 353
30417438 243
5374252 111
116855631 421
15845952 313
72734777 214
510656542 321
25359130 214
154828581 927
17520769 356
109298133 923
295708819 241
48316675 321
16643142 341
53809358 211
87834790 222
485475676 243
326765829 524
2700371 544
425459816 244
44352445 213
369872013 321
228865061 511
14797894 356
52501319 214
326961826 813
1228647284 221
19662427 421
16114257 544
2229348942 211
141328091 221
13274482 212
27637581 222
432004438 542
23301473 125
268904666 341
14367071 214
28868064 222
17003260 352
712485582 214
467400888 356
168222153 214
256882140 244
20851309 244
394859323 211
20635740 212
16296154 212
19609867 543
179988812 823
1308299424 415
79403980 421
49616509 341
1526590237 543
517923553 622
25283577 543
15520859 113
376863034 341
410426987 711
376047382 243
79392777 524
15625434 212
859112581 222
117090273 241
43178742 222
416150238 821
300885463 511
15015667 341
15925413 813
45543629 531
19177321 243
114843529 352
498142913 243
238259042 243
150933284 924
157240180 247
362920524 511
17184753 247
385860257 242
22414165 321
212276965 511
37145378 247
555915892 511
6426432 813
211354557 544
14827629 213
90507401 214
196790260 511
101008834 354
15433423 113
219693560 612
947823050 522
121095938 311
221864101 354
25570989 212
150183995 543
117027069 221
6125082 221
392914272 212
185317404 212
198518435 353
151116641 245
106061594 541
488611617 821
248415096 352
443587100 243
99994146 221
219275993 214
332445473 221
7118512 113
141557866 621
307964858 221
15347918 311
161025770 355
19386681 222
872719532 354
32344005 622
138767511 222
7572002 247
468743137 211
567111074 622
272093690 321
16511060 242
63999108 927
1603419038 421
391100997 244
6514082 113
290136204 321
598091960 356
22675235 927
70976683 243
56252334 542
73224784 321
921561643 211
57353465 213
154598866 531
95646830 111
954124423 222
454305091 356
116330021 522
29904455 523
32144313 113
95849233 221
14118527 221
271564466 532
528610947 622
19124918 213
29186774 111
30867963 113
8923402 213
225016368 243
28315433 221
63377455 321
125912050 821
620412683 311
15140286 312
233713259 415
287993461 313
1520234352 245
101087105 421
1565692544 222
230336557 524
411865985 543
631014287 614
299967301 542
1027726291 511
20801287 532
78441787 622
250428980 421
1723458516 246
38113243 523
372796191 621
56341866 923
606753829 214
588839065 222
64563502 355
19776974 213
14956021 542
87957969 352
18850810 923
17212102 246
950565403 511
405952596 544
150573486 247
267476014 614
230825196 352
27043171 213
214146549 542
75781305 353
20197308 412
176851443 352
492926788 312
175013169 612
596855574 113
19812423 231
1554116772 223
403482780 212
164395714 523
1303716138 353
21677737 244
165894146 212
958649520 214
197681237 212
281561293 243
1230372181 353
626530316 331
116327972 612
390644363 614
19804081 543
172062178 612
380521947 532
27995447 924
100975958 823
389413274 311
629040440 321
103601451 321
564000560 543
785134741 511
407755006 813
146475375 541
229945302 522
13430512 342
17448055 312
46898247 621
406969737 125
24550270 823
602729700 113
96836785 342
15780331 321
14752465 621
190993919 421
69153 212
117162071 214
401358520 211
308273618 544
18008770 821
361088313 211
14079225 247
355057739 711
31123722 247
450867667 523
71749925 231
284383367 342
475776018 621
28152504 113
552339916 927
372332706 125
104231983 544
136295452 245
103216811 524
6292792 522
17260920 311
23139576 415
155058544 531
125070064 213
51374242 214
14871013 342
15117375 923
90852895 231
15640760 243
82413529 113
35967567 111
55356697 353
15503663 823
21444864 113
20596089 111
245002890 622
20304853 511
29001631 113
608019269 823
430370795 222
30391094 543
22230503 543
409927993 621
419366750 711
158397224 113
300368271 813
453573070 241
14135855 211
22087356 312
25707404 927
819268584 341
181223534 511
109726312 622
549692104 355
138709550 231
27661739 231
331048678 923
104976393 321
28285073 711
312836864 614
20122221 242
374272968 245
1174481 214
553024920 511
817041524 243
2216245224 214
548583401 821
17876289 113
240206752 524
147117711 823
245492310 543
27614513 213
43414370 212
68488025 313
598811557 621
135603201 524
20622037 823
495462988 246
340095306 524
565920080 823
79538158 212
15240855 614
915577237 241
514992344 352
271109702 321
170735331 544
609378847 614
341725339 321
1546953379 244
371955147 244
71173243 125
11210752 247
1239463357 622
23114086 352
255425360 311
19025635 412
22648720 321
1104057866 523
399309395 313
240961785 312
48621403 342
270611158 247
307714497 523
1519630543 113
23366884 222
1286542706 531
30232170 612
45334059 311
24591732 612
65101448 214
41052032 544
1331974538 421
15399426 543
462315949 354
187987924 222
141848601 813
91805813 212
41581865 231
213324606 621
166829670 543
56299644 813
5510042 113
15389809 813
48475214 243
124170781 111
15161349 354
361074862 614
17481654 113
602008628 544
1277973086 412
15668267 813
24816306 354
1855233937 352
237431730 212
337453061 222
6758372 213
116910876 524
454914676 222
15623746 354
606641779 532
1427796456 522
268403681 243
326880827 125
21620942 321
728001408 125
436919330 622
9117962 342
23457727 356
250081312 821
16731267 313
376809968 313
111363039 243
21046062 823
319068927 342
266670196 246
976360465 113
96521355 614
59955964 214
41501664 331
43090822 524
53892115 321
255552716 511
113872314 614
14616962 246
93253873 541
29327918 813
233622815 923
25673073 542
69149954 125
1658629046 241
46202465 421
141885144 222
420524495 311
343371356 213
756757760 354
907664203 421
194079395 544
114323684 341
41077896 214
15433895 321
56100720 313
62079670 313
13938742 247
213349383 125
81405394 242
31254762 222
156288226 111
406743089 622
27790493 231
232007317 924
882337170 415
145552762 111
1571425862 356
209189083 113
74992611 213
14662271 113
19615041 532
18545760 353
17872106 247
296138522 421
176412636 243
39226263 356
64634562 356
251688946 614
900282308 622
213706913 243
342798252 321
21076982 243
386341606 212
18493893 242
265383481 823
69682148 331
76567984 532
310789960 113
14147309 355
271981474 247
66398413 511
253649315 543
99475247 243
340064404 211
357361014 213
19984278 313
14893346 823
122419412 341
972754400 246
478518998 531
52106190 356
202375533 544
177310174 247
429981202 243
314452645 247
415300545 531
89772012 313
29537218 244
36351169 222
70009885 125
24655529 111
19720462 313
21492345 412
102745384 331
27501767 542
107693990 247
82062932 341
160738956 412
720645913 821
47116836 221
451432708 544
35851172 125
279442671 523
39604299 421
61730566 321
69050763 111
17235271 111
15469408 313
21926446 341
277267678 622
18170976 321
33159299 421
286094097 111
18019511 531
277264297 221
53705028 243
446924275 622
42023566 122
23135171 412
189140141 122
199649785 321
16826103 542
1042453669 111
265957713 531
60264855 622
527905110 313
102312965 813
487616991 241
